$SPEC_ID:
Co-60 test spectrum - Universal Spectrum Toolkit
$SPEC_REM:
Demo Ortec/Maestro ASCII SPE
$DATE_MEA:
03-08-2026 10:15:00
$MEAS_TIM:
100.0 101.5
$DATA:
0 255
0
0
0
1
2
3
5
8
12
20
35
60
110
220
480
950
1800
3200
5100
7200
8800
9200
8500
7000
5200
3600
2300
1400
820
480
280
170
110
75
55
42
35
30
28
26
24
22
20
18
17
16
15
14
13
12
12
11
11
10
10
9
9
8
8
8
7
7
7
6
6
6
6
5
5
5
5
5
4
4
4
4
4
4
3
3
3
3
3
3
3
3
2
2
2
2
2
2
2
2
2
2
1
1
1
1
1
1
1
1
1
1
1
1
1
1
0
0
0
0
0
0
0
0
0
0
0
0
0
0
0
0
0
0
0
0
0
0
0
0
0
0
0
0
0
0
0
0
0
0
0
0
0
0
0
0
0
0
0
0
0
0
0
0
0
0
0
0
0
0
0
0
0
0
0
0
0
0
0
0
0
0
0
0
0
0
0
0
0
0
0
0
0
0
0
0
0
0
0
0
0
0
0
0
0
0
0
0
0
0
0
0
0
0
0
0
0
0
0
0
0
0
0
0
0
0
0
0
0
0
0
0
0
0
0
0
0
0
0
0
0
0
0
0
0
0
0
0
0
0
0
0
0
0
0
0
0
0
0
0
0
0
$ENER_FIT:
0.5 1.25
$MCA_CAL:
2
0.5 1.25
$SHAPE_CAL:
2
0.0 0.0
